0.000000000000000000e+00 2.000000000000000000e+00
6.250000000000000347e-03 1.968982919106636365e+00
1.250000000000000069e-02 1.938425925634600588e+00
1.875000000000000278e-02 1.908320551717062497e+00
2.500000000000000139e-02 1.878658536020539671e+00
3.125000000000000000e-02 1.849431817486310026e+00
3.750000000000000555e-02 1.820632529298039426e+00
4.375000000000000416e-02 1.792252993066140832e+00
5.000000000000000278e-02 1.764285713219834628e+00
5.625000000000000139e-02 1.736723371598308363e+00
6.250000000000000000e-02 1.709558822232775332e+00
6.875000000000000555e-02 1.682785086311620715e+00
7.500000000000001110e-02 1.656395347321180100e+00
8.125000000000000278e-02 1.630382946355047435e+00
8.750000000000000833e-02 1.604741377585130691e+00
9.375000000000000000e-02 1.579464283887985099e+00
1.000000000000000056e-01 1.554545452620249346e+00
1.062500000000000111e-01 1.529978811537286543e+00
1.125000000000000028e-01 1.505758424849400257e+00
1.187500000000000083e-01 1.481878489410243471e+00
1.250000000000000000e-01 1.458333331032280578e+00
1.312500000000000056e-01 1.435117400924389663e+00
1.375000000000000111e-01 1.412225272246905305e+00
1.437500000000000167e-01 1.389651636779611898e+00
1.500000000000000222e-01 1.367391301698388739e+00
1.562500000000000000e-01 1.345439186456396152e+00
1.625000000000000056e-01 1.323790319765869139e+00
1.687500000000000111e-01 1.302439836676751561e+00
1.750000000000000167e-01 1.281382975748565745e+00
1.812500000000000222e-01 1.260615076312063376e+00
1.875000000000000000e-01 1.240131575817350562e+00
1.937500000000000056e-01 1.219928007265319136e+00
2.000000000000000111e-01 1.199999996719344209e+00
2.062500000000000167e-01 1.180343260894338941e+00
2.125000000000000222e-01 1.160953604820374796e+00
2.187500000000000000e-01 1.141826919578190047e+00
2.250000000000000056e-01 1.122959180104019739e+00
2.312500000000000111e-01 1.104346443061283267e+00
2.375000000000000167e-01 1.085984844776767044e+00
2.437500000000000222e-01 1.067870599239031826e+00
2.500000000000000000e-01 1.049999996156868232e+00
2.562500000000000333e-01 1.032369399075709016e+00
2.625000000000000111e-01 1.014975243549989470e+00
2.687499999999999889e-01 9.978140353695266196e-01
2.750000000000000222e-01 9.808823488380634670e-01
2.812500000000000000e-01 9.641768251021975988e-01
2.875000000000000333e-01 9.476941705289820828e-01
2.937500000000000111e-01 9.314311551305517467e-01
3.000000000000000444e-01 9.153846110341933295e-01
3.062500000000000222e-01 8.995514309963372757e-01
3.125000000000000000e-01 8.839285669590063454e-01
3.187500000000000333e-01 8.685130286473136119e-01
3.250000000000000111e-01 8.533018822066534836e-01
3.312500000000000444e-01 8.382922488782820203e-01
3.375000000000000222e-01 8.234813037120304324e-01
3.437500000000000000e-01 8.088662743149428458e-01
3.500000000000000333e-01 7.944444396346740378e-01
3.562500000000000111e-01 7.802131287765260437e-01
3.625000000000000444e-01 7.661697198530433850e-01
3.687500000000000222e-01 7.523116388651264197e-01
3.750000000000000000e-01 7.386363586136591719e-01
3.812500000000000333e-01 7.251413976406865247e-01
3.875000000000000111e-01 7.118243191992077445e-01
3.937500000000000444e-01 6.986827302506886106e-01
4.000000000000000222e-01 6.857142804894259536e-01
4.062500000000000000e-01 6.729166613929294938e-01
4.125000000000000333e-01 6.602876052975140686e-01
4.187500000000000111e-01 6.478248844983262034e-01
4.250000000000000444e-01 6.355263103730536267e-01
4.312500000000000222e-01 6.233897325285950863e-01
4.375000000000000000e-01 6.114130379699900253e-01
4.437500000000000333e-01 5.995941502909354348e-01
4.500000000000000111e-01 5.879310288852369615e-01
4.562500000000000444e-01 5.764216681785662155e-01
4.625000000000000222e-01 5.650640968799167663e-01
4.687500000000000000e-01 5.538563772521716277e-01
4.750000000000000333e-01 5.427966044012156877e-01
4.812500000000000111e-01 5.318829055830455177e-01
4.875000000000000444e-01 5.211134395283468779e-01
4.937500000000000222e-01 5.104863957840281019e-01
5.000000000000000000e-01 4.999999940712158697e-01
5.062499999999999778e-01 4.896524836592336949e-01
5.125000000000000666e-01 4.794421427551022741e-01
5.187500000000000444e-01 4.693672779081133895e-01
5.250000000000000222e-01 4.594262234290458768e-01
5.312500000000000000e-01 4.496173408236043834e-01
5.374999999999999778e-01 4.399390182396772930e-01
5.437500000000000666e-01 4.303896699280209126e-01
5.500000000000000444e-01 4.209677357159922750e-01
5.562500000000000222e-01 4.116716804939626329e-01
5.625000000000000000e-01 4.024999937140570916e-01
5.687499999999999778e-01 3.934511889008768248e-01
5.750000000000000666e-01 3.845238031738704154e-01
5.812500000000000444e-01 3.757163967810326355e-01
5.875000000000000222e-01 3.670275526436180269e-01
5.937500000000000000e-01 3.584558759115671900e-01
6.000000000000000888e-01 3.499999935293527931e-01
6.062500000000000666e-01 3.416585538119614185e-01
6.125000000000000444e-01 3.334302260307362431e-01
6.187500000000000222e-01 3.253137000088142661e-01
6.250000000000000000e-01 3.173076857258995132e-01
6.312500000000000888e-01 3.094109129321218066e-01
6.375000000000000666e-01 3.016221307707386279e-01
6.437500000000000444e-01 2.939401074094444288e-01
6.500000000000000222e-01 2.863636296800594061e-01
6.562500000000000000e-01 2.788915027263761393e-01
6.625000000000000888e-01 2.715225496599495969e-01
6.687500000000000666e-01 2.642556112236221222e-01
6.750000000000000444e-01 2.570895454625815590e-01
6.812500000000000222e-01 2.500232274027562873e-01
6.875000000000000000e-01 2.430555487363571798e-01
6.937500000000000888e-01 2.361854175143814349e-01
7.000000000000000666e-01 2.294117578458997053e-01
7.062500000000000444e-01 2.227335096039521622e-01
7.125000000000000222e-01 2.161496281378848527e-01
7.187500000000000000e-01 2.096590839919622584e-01
7.250000000000000888e-01 2.032608626300970445e-01
7.312500000000000666e-01 1.969539641665424001e-01
7.375000000000000444e-01 1.907374031023966465e-01
7.437500000000000222e-01 1.846102080677744783e-01
7.500000000000000000e-01 1.785714215695030915e-01
7.562500000000000888e-01 1.726200997442056406e-01
7.625000000000000666e-01 1.667553121166381602e-01
7.687500000000000444e-01 1.609761413631500548e-01
7.750000000000000222e-01 1.552816830801420911e-01
7.812500000000000000e-01 1.496710455573987408e-01
7.875000000000000888e-01 1.441433495561758871e-01
7.937500000000000666e-01 1.386977280919278466e-01
8.000000000000000444e-01 1.333333262215608273e-01
8.062500000000000222e-01 1.280493008351033524e-01
8.125000000000000000e-01 1.228448204516868619e-01
8.187500000000000888e-01 1.177190650197329769e-01
8.250000000000000666e-01 1.126712257212464929e-01
8.312500000000000444e-01 1.077005047801160020e-01
8.375000000000000222e-01 1.028061152743267315e-01
8.437500000000000000e-01 9.798728095199281396e-02
8.500000000000000888e-01 9.324323605111865809e-02
8.562500000000000666e-01 8.857322512300144779e-02
8.625000000000000444e-01 8.397650285918928370e-02
8.687500000000000222e-01 7.945233392191185240e-02
8.750000000000000000e-01 7.499999277790231345e-02
8.812500000000000888e-01 7.061876353553186991e-02
8.875000000000000666e-01 6.630793978517994514e-02
8.937500000000000444e-01 6.206682444276543503e-02
9.000000000000000222e-01 5.789472959636611515e-02
9.062500000000000000e-01 5.379097635585539106e-02
9.125000000000000888e-01 4.975489470548732224e-02
9.187500000000000666e-01 4.578582335936275810e-02
9.250000000000000444e-01 4.188310961971101337e-02
9.312500000000000222e-01 3.804610923792343946e-02
9.375000000000000000e-01 3.427418627827658049e-02
9.437500000000000888e-01 3.056671298428451089e-02
9.500000000000000666e-01 2.692306964762131855e-02
9.562500000000000444e-01 2.334264447955625502e-02
9.625000000000000222e-01 1.982483348484552835e-02
9.687500000000000000e-01 1.636904033802615011e-02
9.750000000000000888e-01 1.297467626205867086e-02
9.812500000000000666e-01 9.641159909266849154e-03
9.875000000000000444e-01 6.367917244523783882e-03
9.937500000000000222e-01 3.154381430635149006e-03
1.000000000000000000e+00 -7.284128506097886646e-09
1.006250000000000089e+00 -3.095801676397242925e-03
1.012499999999999956e+00 -6.133547656010734060e-03
1.018750000000000044e+00 -9.113784372315327648e-03
1.025000000000000133e+00 -1.203704431849264220e-02
1.031250000000000000e+00 -1.490385343396210399e-02
1.037500000000000089e+00 -1.771473120489876901e-02
1.043749999999999956e+00 -2.047019076290677517e-02
1.050000000000000044e+00 -2.317073898188781733e-02
1.056250000000000133e+00 -2.581687657314298348e-02
1.062500000000000000e+00 -2.840909817874551907e-02
1.068750000000000089e+00 -3.094789246322097315e-02
1.074999999999999956e+00 -3.343374220357053089e-02
1.081250000000000044e+00 -3.586712437767226869e-02
1.087500000000000133e+00 -3.824851025109436004e-02
1.093750000000000000e+00 -4.057836546235346620e-02
1.100000000000000089e+00 -4.285715010665057390e-02
1.106249999999999956e+00 -4.508531881811608799e-02
1.112500000000000044e+00 -4.726332085059484212e-02
1.118750000000000133e+00 -4.939160015700137796e-02
1.125000000000000000e+00 -5.147059546727479618e-02
1.131250000000000089e+00 -5.350074036496196145e-02
1.137499999999999956e+00 -5.548246336245717114e-02
1.143750000000000044e+00 -5.741618797492564763e-02
1.150000000000000133e+00 -5.930233279293768006e-02
1.156250000000000000e+00 -6.114131155383956823e-02
1.162500000000000089e+00 -6.293353321188692451e-02
1.168749999999999956e+00 -6.467940200716527921e-02
1.175000000000000044e+00 -6.637931753332240725e-02
1.181250000000000133e+00 -6.803367480413619051e-02
1.187500000000000000e+00 -6.964286431894137208e-02
1.193750000000000089e+00 -7.120727212693782338e-02
1.200000000000000178e+00 -7.272727989040270180e-02
1.206250000000000044e+00 -7.420326494682814855e-02
1.212500000000000133e+00 -7.563560037000584269e-02
1.218750000000000000e+00 -7.702465503007913106e-02
1.225000000000000089e+00 -7.837079365258298180e-02
1.231250000000000178e+00 -7.967437687649177314e-02
1.237500000000000044e+00 -8.093576131129412432e-02
1.243750000000000133e+00 -8.215529959311390629e-02
1.250000000000000000e+00 -8.333334043989581996e-02
1.256250000000000089e+00 -8.447022870567381936e-02
1.262500000000000178e+00 -8.556630543394005972e-02
1.268750000000000044e+00 -8.662190791013169022e-02
1.275000000000000133e+00 -8.763736971325247760e-02
1.281250000000000000e+00 -8.861302076664585858e-02
1.287500000000000089e+00 -8.954918738793569977e-02
1.293750000000000178e+00 -9.044619233815048842e-02
1.300000000000000044e+00 -9.130435487004667783e-02
1.306250000000000133e+00 -9.212399077564621674e-02
1.312500000000000000e+00 -9.290541243300325103e-02
1.318750000000000089e+00 -9.364892885221447194e-02
1.325000000000000178e+00 -9.435484572068734976e-02
1.331250000000000044e+00 -9.502346544768019987e-02
1.337500000000000133e+00 -9.565508720812775090e-02
1.343750000000000000e+00 -9.625000698576538505e-02
1.350000000000000089e+00 -9.680851761556535928e-02
1.356250000000000178e+00 -9.733090882549755296e-02
1.362500000000000044e+00 -9.781746727762741234e-02
1.368750000000000133e+00 -9.826847660856320721e-02
1.375000000000000000e+00 -9.868421746926471505e-02
1.381250000000000089e+00 -9.906496756422492056e-02
1.387500000000000178e+00 -9.941100169003634635e-02
1.393750000000000044e+00 -9.972259177335322800e-02
1.400000000000000133e+00 -1.000000069082604692e-01
1.406250000000000000e+00 -1.002435133930602712e-01
1.412500000000000089e+00 -1.004533747664869275e-01
1.418750000000000178e+00 -1.006298518433601519e-01
1.425000000000000044e+00 -1.007732027496870825e-01
1.431250000000000133e+00 -1.008836829572228450e-01
1.437500000000000000e+00 -1.009615453174994432e-01
1.443750000000000089e+00 -1.010070400953324149e-01
1.450000000000000178e+00 -1.010204150018146896e-01
1.456250000000000044e+00 -1.010019152268067100e-01
1.462500000000000133e+00 -1.009517834709317136e-01
1.468750000000000000e+00 -1.008702599770851388e-01
1.475000000000000089e+00 -1.007575825614664827e-01
1.481250000000000178e+00 -1.006139866441422281e-01
1.487500000000000044e+00 -1.004397052791480699e-01
1.493750000000000133e+00 -1.002349691841383506e-01
1.500000000000000000e+00 -1.000000067695908795e-01
1.506250000000000089e+00 -9.973504416757469904e-02
1.512500000000000178e+00 -9.944030526008851290e-02
1.518750000000000044e+00 -9.911601170697717511e-02
1.525000000000000133e+00 -9.876238297343360728e-02
1.531250000000000000e+00 -9.837963635709326415e-02
1.537500000000000089e+00 -9.796798701472818338e-02
1.543750000000000178e+00 -9.752764798854754447e-02
1.550000000000000044e+00 -9.705883023211138438e-02
1.556250000000000133e+00 -9.656174263586424222e-02
1.562500000000000000e+00 -9.603659205229511664e-02
1.568750000000000089e+00 -9.548358332073006438e-02
1.575000000000000178e+00 -9.490291929176380981e-02
1.581250000000000044e+00 -9.429480085133642997e-02
1.587500000000000133e+00 -9.365942694446101335e-02
1.593750000000000000e+00 -9.299699459860835682e-02
1.600000000000000089e+00 -9.230769894675434906e-02
